24	76	32	50	62	38	38	32	76	8	50	12	42	42	34	74	84	36	78	74	84	58	30	54	62	34	18	96	
24	64	6	8	6	24	2	8	8	86	68	12	16	8	90	8	60	30	92	80	8	26	88	46	84	32	64	90	
62	16	96	18	64	96	62	26	64	26	82	4	78	18	88	98	46	88	72	74	50	12	90	62	38	90	62	36	
36	68	100	94	16	84	94	70	74	92	88	94	4	78	100	16	90	62	24	36	52	92	44	32	52	30	68	48	
24	76	32	50	62	38	38	32	76	8	50	12	42	42	34	74	84	36	78	74	84	58	30	54	62	34	18	96	
24	64	6	8	6	24	2	8	8	86	68	12	16	8	90	8	60	30	92	80	8	26	88	46	84	32	64	90	
62	16	96	18	64	96	62	26	64	26	82	4	78	18	88	98	46	88	72	74	50	12	90	62	38	90	62	36	
36	68	100	94	16	84	94	70	74	92	88	94	4	78	100	16	90	62	24	36	52	92	44	32	52	30	68	48	
yash10  20  30  40  50  60  70  80  90  
11  22  33  44  55  66  77  88  99
1   2   3   4   5   6   7   8   9
12  13  14  15  16  17  18  19  11	yash